# Contacts: SPI
# Native contacts determined from mask ':34,35,36,37,39,40,41,42,43,45,46,47,48,49,81,82,83,84,85,86,87,88,89,90,91,92,93,94,95 & !@H*' and mask ':FWZ & !@H*'
#                     Contact  Nframes    Frac.      Avg    Stdev
       1      :89@OD1_:265@N9        1        1     2.85        0
       2       :46@OH_:265@O6        1        1     3.03        0
       3      :89@ND2_:265@N8        1        1     3.22        0
       4     :37@CD2_:265@C41        1        1     3.45        0
       5      :46@OH_:265@C39        1        1     3.49 4.21e-08
       6      :89@OD1_:265@N8        1        1     3.52        0
       7     :37@CD2_:265@C40        1        1     3.57 4.21e-08
       8     :37@CD2_:265@C42        1        1     3.61        0
       9      :34@CA_:265@C42        1        1     3.61        0
      10      :37@CG_:265@C41        1        1     3.65        0
      11      :95@CD1_:265@N8        1        1     3.66        0
      12     :34@CD1_:265@C39        1        1     3.69        0
      13     :34@CD1_:265@C40        1        1     3.71        0
      14      :46@OH_:265@C40        1        1     3.71        0
      15     :89@OD1_:265@C37        1        1     3.73        0
      16     :37@CD2_:265@C39        1        1     3.73        0
      17     :95@CD1_:265@C37        1        1     3.75        0
      18       :36@O_:265@C42        1        1     3.76 4.21e-08
      19     :37@CD2_:265@C43        1        1     3.76        0
      20      :37@CG_:265@C42        1        1     3.77        0
      21       :46@CZ_:265@O6        1        1     3.77        0
      22       :89@CG_:265@N9        1        1     3.78 4.21e-08
      23     :43@CD2_:265@C31        1        1     3.78        0
      24      :88@CD2_:265@N9        1        1     3.78 4.21e-08
      25     :81@CD1_:265@C40        1        1     3.78        0
      26      :46@CE2_:265@O6        1        1     3.79        0
      27      :88@CE2_:265@N9        1        1     3.79        0
      28       :89@CG_:265@N8        1        1      3.8        0
      29       :85@CB_:265@O6        1        1     3.82 4.21e-08
      30     :37@CD2_:265@C38        1        1     3.83        0
      31      :88@CD2_:265@N8        1        1     3.83 4.21e-08
      32      :37@CA_:265@C42        1        1     3.85        0
      33     :81@CD1_:265@C41        1        1     3.85        0
      34      :95@CD1_:265@N7        1        1     3.88 4.21e-08
      35      :89@ND2_:265@N7        1        1     3.91        0
      36      :89@ND2_:265@N9        1        1     3.91 4.21e-08
      37       :37@N_:265@C42        1        1     3.92        0
      38       :34@O_:265@C41        1        1     3.96        0
      39      :34@CA_:265@C41        1        1     3.96        0
      40     :34@CD1_:265@C38        1        1     3.98 4.21e-08
      41       :85@CA_:265@O6        1        1        4 5.96e-08
      42       :36@C_:265@C42        1        1        4 5.96e-08
      43      :46@CE2_:265@N7        1        1     4.01        0
      44       :34@O_:265@C42        1        1     4.02        0
      45      :34@CE1_:265@O6        1        1     4.04 5.96e-08
      46     :34@CD1_:265@C41        1        1     4.05        0
      47     :34@CE1_:265@C39        1        1     4.06 5.96e-08
      48     :89@ND2_:265@C37        1        1     4.07        0
      49      :34@CD1_:265@O6        1        1     4.07        0
      50       :34@C_:265@C42        1        1     4.11        0
      51      :46@CZ_:265@C39        1        1     4.14        0
      52       :36@O_:265@C43        1        1     4.14        0
      53     :95@CD1_:265@C34        1        1     4.16        0
      54      :95@CD1_:265@N9        1        1     4.17        0
      55     :88@CD2_:265@C37        1        1     4.19        0
      56      :37@CA_:265@C43        1        1     4.19        0
      57     :34@CD1_:265@C43        1        1      4.2 5.96e-08
      58     :34@CD1_:265@C42        1        1      4.2        0
      59     :95@CD1_:265@C36        1        1     4.23        0
      60      :34@CA_:265@C43        1        1     4.23        0
      61     :43@CD2_:265@C30        1        1     4.23        0
      62      :37@CG_:265@C40        1        1     4.24        0
      63     :88@CE2_:265@C37        1        1     4.31        0
      64     :46@CE2_:265@C39        1        1     4.31        0
      65      :34@CB_:265@C41        1        1     4.32        0
      66      :37@CG_:265@C43        1        1     4.32        0
      67     :34@CE1_:265@C38        1        1     4.35        0
      68      :89@CG_:265@C37        1        1     4.35        0
      69      :88@CE2_:265@N8        1        1     4.35        0
      70     :95@CD1_:265@C35        1        1     4.37        0
      71      :37@CB_:265@C42        1        1     4.37        0
      72      :46@CE2_:265@N8        1        1     4.38        0
      73       :34@C_:265@C41        1        1     4.38        0
      74      :34@CB_:265@C42        1        1     4.41        0
      75      :46@OH_:265@C38        1        1     4.43        0
      76       :34@N_:265@C42        1        1     4.43        0
      77     :34@CE1_:265@C40        1        1     4.45        0
      78      :37@CD2_:265@O6        1        1     4.46 5.96e-08
      79     :46@CE2_:265@C36        1        1     4.48        0
      80        :85@N_:265@O6        1        1     4.49        0
